+8801762950413
+8801826527498
+8801914005263
+8801878019354
+8801771042736
+8801830108654
+8801925603748
+8801742019586
+8801850497263
+8801908395624
+8801756934021
+8801884881359
+8801946605823
+8801761120734
+8801824682319
+8801913149062
+8801709518306
+8801896450719
+8801785346290
+8801938175426
+8801829635107
+8801945829036
+8801769084523
+8801862034579
+8801917463285
+8801875940163
+8801773098542
+8801832076495
+8801926573018
+8801742968053
+8801850349726
+8801907854362
+8801756302984
+8801884290675
+8801945306827
+8801764820193
+8801827405963
+8801915794036
+8801876289513
+8801779352640
+8801836927051
+8801922460378
+8801747853290
+8801855230796
+8801903708462
+8801758146392
+8801883017625
+8801945028763
+8801760592348
+8801824178906
+8801912547683
+8801874125360
+8801777609482
+8801836527409
+8801922014738
+8801749482056
+8801856859423
+8801905338176
+8801753706924
+8801881483629
+8801944498207
+8801768145092
+8801821723546
+8801910108637
+8801873701594
+8801776769532
+8801834647920
+8801920134259
+8801745492678
+8801852967843
+8801901459736
+8801759864132
+8801887830542
+8801948663012
+8801763085419
+8801826678951
+8801914157203
+8801876439215
+8801945368027
+8801789456321
+8801932546789
+8801897654321
+8801765432987
+8801823476598
+8801954321768
+8801776543219
+8801832908675
+8801912345678
+8801887654321
+8801745968231
+8801965432109
+8801754321987
+8801812345679
+8801932765489
+8801798765432
+8801976543210
+8801845321796
+8801923456789
+8801809876543
+8801965432178